100
9261248636942
20875497174505
73485955413950
89839246941310
16902330553288
46038716200982
56376555135604
96589769412724
48655332481847
23279737860484
40608327343919
51672129923337
17993646066559
40557960509599
24299551372762
23728351779418
93845942812087
38795612840777
1868697167512
60432528971169
76973000521342
92981967678566
54396033776701
32055107882641
53773400694175
72258660195957
32885510771800
43782269915670
58336541586389
92018948295289
65116975271397
99031324823479
33304957608104
8496172879824
47605712553515
35536820950467
31042398322203
39282386714785
37811671576083
29514727038161
90320635348626
2038661398211
81144526365940
21109959827356
72465837249452
64494772130649
89025564374690
65427157967905
13040841540006
43343245985661
87304571748550
97996826472701
70708463149176
86879138993799
95387918154747
84074597936790
94310998787448
53660212502338
74660036146382
34748719908683
24268819139520
39019748876091
42727430789008
60170084025429
4334864550502
42369892999925
64936575045279
23470158318399
17801506387894
69777294235274
83381766923939
3940496182374
59434663050945
91643628797608
48075741211391
62228423304705
61534598753364
43566915751033
77497910730292
89332555123238
18241917494708
28482392796539
33031678870011
43276184471560
92920090557298
70648750444517
88002892646664
29995920401415
56450355109324
70378923186222
22195051292515
33378248588906
23608861329865
48204159069174
27722840520715
83500083925064
92020269735452
24730234773559
50850356024879
6871340906794